$ANSIBLE_VAULT;1.1;AES256
30366162346637646564336135306666666362383936653762333662313530336462303739643333
6339303538366262656531323330626438616166333730630a613231383139616433316439323763
37333937656363653164313035616265666661343734313237613530663732616538663364616361
6332636435393836340a636665646634336435656562633736383532383235363938656530383239
66653165646634333838363233386164343563353464313037316663353164343637656566353931
64643963313230366666663163623531363037626432313264373531643930313237623535326137
31323838633333393533343130336638663033636365613865666365306362633062316466366639
36323239343533616661376333346534343661633632386636343166353734316232313263343864
39656262313264633732653137643139393761393232343034633933326333353338643962326663
30333539333664393963383836326534373937393864316137333931376130366332373030363037
66333037643233313339623433333736666337376266373134366232646164653131376634303838
33356164353537323966393932316164613665353061373463636339613831616432363238643161
61376434633666643532613166653166323133396431373066633431303930643831356230393661
33613934386137373730633334623465653835386434396237363864643335666430363933386164
31356435636634643263646532326661623861323336653631653465323561616537333163333665
37646566376235616663613266363761653039333765316161653737303363326531313537623265
30373137363338393232626264623861303236356664646161623037393039666632613364386532
34643235616233636632326632663230663864366230383063343566333064336463396461633434
36656335393661366436303232306563393034663138396635386465323666613939393332373039
34303865653061613165623836666536343165323861643434383563623737366462633433383465
39323132316331373765393138316233336430363231376136616430313165306632663136306131
62323238623432653733356637653166643738323433643831373231623866366366303033653061
33396263383262393337613061393864383762313439383562663931626535623137366232376365
37633332303930366332333939333835323831326432303766346138336433616633326236316566
61366334346561323435646264666366343635333130643836323836376235613165363762623532
34613662613639363438306134396336323263626566626337633833653731623034356562353938
62353430653431656365363062343663313430623037653630613036633264393739343937393761
35393638633964633061666431346530663565613935353736353331656136623932336266306265
38316333393663313733386337643331386531363561646162326532356465343332353039323263
32633962623462383938353466306661663639613562626431656233653466396165393435323131
34643837643935316163373066343839633037323331633630636434666439333232303864343863
34653166323831393431376335386631623165383737366565336232333266666234656564616262
34353063303265613737366339326164353937626462306164346136396361626561356433316337
36613963666163303761396436303434383938376136396530313666666537303461636265393765
30313136386632386535326134393338346130316461633632303463653039623662616466323866
66636635326263373132626338643938633662643566663763313934396237363865363832323338
65616335353339666534623261653234396237346435636538663239386564613565383939313530
66663733336566363130363561393733323839663636326364646262633465636236343130323137
64613565663734353462636336336339393735346463613664666536343031326439323363303236
65663765653633376230336361303461386566663938373037353836643131356434373064336161
63633866393364636163373838363637363565343364353633316636353335633131376539313063
32663063373865303938336462373466383364646561643530393238323632623436663939346565
30303463663264356438366138373162323162376263316366366430613334663333663265393533
31623861386635346133643264613463313934373339616362306261316664633538343035616437
64626534363766313765643737633032373732643035616439663135386232646438346264636133
65393034346666396365653863613933336364653365366236653138383261313832383066623663
62316532653932383061333530396437323933313765666166643330366337303964366461303239
33316138333737393665376466663235643831376136383639356231653230323832333936386135
62383234636635626264613933656562386337336337663530393662313632323064383833643733
36336634326265393831616233623961303632626162343134326130646563366438346231353539
65623463373838383336646134613436633139346134636364333335333738663637626336333061
64383161363130326165346464386430653133616165626564633539333566666132353433613233
61383866613562383765376237356530353738393462633864393231306237313938326633656437
36636634643163336335626237343131303038376530636632393639643264623262343739643864
35393137613766393665656339313830346234383234333765616362393962353364306237616135
61363539663964663038343361393735343237613365643633333665356438343163356164323934
30323739346232336636303535333430363931383836333561376162343566333531653438343263
66643664643562373661656361636135653464346137653965636136343638333266303262666165
35373566376433663064643137616561383437643137386561386462396232663534303765383335
66636463343366396366346630613932363738383635363965613761323663396632653166336463
66616264353832663862663434343065336661643935383137306333333831396632373766386365
35363434356638353533633837303963643031353838613663653336366237343939373638326636
64323762343861623932666539393838613937343732666238343963613164643563383262663964
39303566633464356262626139316633623039363332303239663065643037303335373966343361
66336631346533356563393631616534313438646236336164333965343232366163353538636664
39653161346633643235656338646366633866646164633735653566386334646362306166636265
35633033396462643831383161316438353332643562383534366331643732626366346663333436
63336338366333383634653837373161663763613539633130643635376637313966643731666436
36663338313463356663376165616631393934633132623330343036376565366563316532613937
63303732396365383335326239613439306661623864386136373331626438623933643536303230
37613837323438663361333737336139336234623930316436376631353334313530616538346261
66303436653761643465
